412053786
123456780
123456780
087654321
123456780
246801357
123456780
135724680
123456780
123804765
678012345
123456780
780123456
123456780
241860735
123456780
706412853
123456780
614258370
452136807
306472815
012345678
134058267
123405678
407356128
123456780
851062473
012345678
102746538
123405678
123075846
123456780
701348526
012345678
834052167
123405678
718063452
123456780
402176538
012345678
078354216
012345678
374152068
123456780
713584620
123456780
027453618
123456780
018756324
123456780
081542673
123456780
452801376
123456780
850234167
123456780
025378164
123456780
638105247
123456780
025716834
012345678
784316250
123456780
247650138
123456780
013246587
012345678
123870465
123456780
760125348
012345678
012345678
123456780
873425160
876543210
843276150
123405678
580327140
807654321
742651380
108267354
720865431
716208354
407853261
658310472
206135478
817064523
317462805
816023754
201387546
621307485
751234806
123456780
123456780
087654321
182736450
123456780
815472630
123456780
201387546
621309485
621309485
201387546
305176482
012345678
163046275
012345678
341872605
012345678
654061728
012345678
406721583
012345678
651043278
123456780
375642108
123456780
187630452
123456780
187265304
123456780
124065783
123456780